2000113
4000261
6000277
8000339
10000451
12000581
14000669
16000781
18000883
20001031
22001113
24001151
26001331
28001537
30001541
32001751
34001857
36001993
38002091
40002191
42002231
44002369
46002487
48002641
50002787
52002877
54003043
56003131
58003241
60003341
62003411
64003531
66003649
68003651
70003757
72003931
74003981
76003997
78004001
80004073
82004101
84004267
86004299
88004453
90004627
92004793
94004851
96005023
98005177
100005281
102005413
104005607
106005631
108005791
110005823
112005953
114006169
116006281
118006439
120006589
122006737
124006879
126007027
128007037
130007081
132007133
134007403
136007411
138007417
140007457
142007623
144007771
146007773
148007789
150007903
152008069
154008157
156008341
158008349
160008469
162008599
164008739
166008827
168008831
170009039
172009039
174009079
176009153
178009211
181424701
183424903
185424923
187425067
189425113
191425291
193425487
195425543
197425549
199425679
201425767
203425853
205425901
207426071
209426093
211426151
213426203
215426249
217426409
219426523
221426731
223426781
225426857
227426939
229427017
231427073
233427133
235427209
237427243
239427403
241427539
243427721
245427757
247427783
249427901
251427959
253428169
255428377
257428477
259428613
261428819
263428829
265428887
267428947
269429071
271429129
273429353
275429383
277429501
279429581
281429927
283430131
285430183
287430193
289430311
291430351
293430427
295430549
297430649
299430827
301430929
303431053
305431117
307431307
309431357
311431399
313431589
315431693
317431927
319431979
321432113
323432227
325432273
327432373
329432437
331432511
333432629
335432681
337432853
339432859
341432881
343432939
345433063
347433263
349433543
351433717
353433793
355433959
357434131
359434351
361434377
363434509
365434633
367434643
369434771
371434793
373435081
375588053
377588191
379588271
381588373
383588477
385588579
387588679
389588699
391588763
393588809
395588981
397589069
399589279
401589451
403589471
405589537
407589683
409589779
411589861
413589949
415589989
417590101
419590217
421590353
423590483
425590489
427590629
429590647
431590739
433590943
435591109
437591183
439591259
441591259
443591359
445591469
447591559
449591561
451591619
453591839
455592091
457592203
459592249
461592419
463592509
465592681
467592709
469592843
471592889
473592991
475593059
477593111
479593267
481593313
483593573
485593781
487593929
489593969
491593987
493594067
495594167
497594171
499594373
501594397
503594477
505594567
507594677
509594689
511594777
513594821
515594987
517595149
519595249
521595337
523595509
525595661
527595713
529595867
531595937
533596079
535596199
537596351
539596397
541596527
543596639
545596739
547596767
549596881
551596931
553596983
555597139
557597179
559597301
561597373
563597527
565597537
567597571
569597603
571597603
575259589
577259659
579259661
581259689
583259693
585259721
587259793
589259927
591259951
593260007
595260067
597260263
599260327
601260467
603260503
605260543
607260571
609260699
611260961
613261153
615261239
617261443
619261693
621261869
623261879
625262059
627262177
629262229
631262321
633262523
635262559
637262651
639262837
641263013
643263077
645263081
647263261
649263313
651263429
653263477
655263569
657263791
659263901
661264013
663264187
665264357
667264373
669264509
671264549
673264721
675265057
677265229
679265423
681265537
683265677
685265747
687265889
689265931
691265933
693266071
695266129
697266257
699266317
701266411
703266517
705266699
707266783
709267001
711267133
713267173
715267303
717267493
719267503
721267549
723267679
725267759
727267789
729267919
731268119
733268119
735268123
737268187
739268353
741268387
743268511
745268687
747268777
749268913
751269017
753269267
755269391
757269479
759269593
761269631
763269649
765269873
767269991
769270031
771270209
773270429
775270493
778531573
780531601
782531779
784531807
786531983
788532067
790532227
792532303
794532337
796532521
798532793
800532919
802533007
804533039
806533153
808533371
810533401
812533457
814533653
816533687
818533823
820533877
822533969
824534083
826534229
828534293
830534443
832534603
834534611
836534719
838534933
840535051
842535263
844535291
846535427
848535451
850535459
852535469
854535503
856535623
858535823
860535919
862536049
864536077
866536159
868536217
870536299
872536439
874536463
876536597
878536723
880536883
882537143
884537231
886537291
888537401
890537489
892537699
894537859
896537867
898537951
900537997
902538181
904538209
906538273
908538289
910538339
912538453
914538487
916538633
918538681
920538743
922538803
924538903
926539051
928539173
930539263
932539291
934539349
936539389
938539559
940539757
942539989
944540017
946540139
948540163
950540231
952540307
954540511
956540521
958540621
960540733
962540737
964540741
966540871
968541031
970541137
972541267
974541277
976541297
978541313
980541421
984452041
986452043
988452121
990452137
992452319
994452469
996452651
998452759
1000452829
1002452879
1004453071
1006453153
1008453319
1010453407
1012453567
1014453581
1016453729
1018453957
1020454073
1022454077
1024454147
1026454307
1028454433
1030454471
1032454519
1034454763
1036454831
1038454897
1040455007
1042455119
1044455147
1046455411
1048455469
1050455533
1052455541
1054455553
1056455557
1058455597
1060455751
1062455759
1064455937
1066455989
1068456031
1070456077
1072456171
1074456263
1076456441
1078456679
1080456749
1082456951
1084457287
1086457507
1088457613
1090457903
1092458053
1094458171
1096458409
1098458539
1100458729
1102458979
1104458983
1106459201
1108459237
1110459353
1112459429
1114459657
1116459913
1118460001
1120460141
1122460291
1124460481
1126460603
1128460679
1130460853
1132460897
1134460907
1136460943
1138461059
1140461123
1142461337
1144461533
1146461609
1148461697
1150461797
1152461803
1154461879
1156462117
1158462211
1160462267
1162462423
1164462461
1166462783
1168462843
1170463009
1172463013
1174463159
1176463289
1178463367
1180463461
1182463463
1184463463
1186463587
1188463663
1190463751
1192494803
1194494933
1196494987
1198495079
1200495133
1202495207
1204495277
1206495377
1208495539
1210495597
1212495631
1214495743
1216495823
1218495911
1220495963
1222496029
1224496121
1226496211
1228496221
1230496447
1232496497
1234496717
1236496757
1238496797
1240496813
1242496991
1244497123
1246497283
1248497297
1250497379
1252497413
1254497443
1256497537
1258497599
1260497803
1262497961
1264498139
1266498319
1268498327
1270498547
1272498629
1274498783
1276498849
1278499039
1280499127
1282499269
1284499547
1286499761
1288499923
1290500033
1292500201
1294500203
1296500357
1298500417
1300500533
1302500767
1304500781
1306500919
1308500969
1310501089
1312501231
1314501289
1316501411
1318501619
1320501781
1322501849
1324501859
1326502019
1328502193
1330502311
1332502463
1334502577
1336502593
1338502877
1340503061
1342503101
1344503159
1346503199
1348503329
1350503459
1352503511
1354503607
1356503807
1358503889
1360504049
1362504131
1364504189
1366504277
1368504377
1370504423
1372504531
1374504721
1376504771
1378504781
1380505031
1382505067
1384505117
1386505157
1388505211
1390505219
1392505339
1394505443
1396505489
1398505609
1402305403
1404305423
1406305477
1408305557
1410305629
1412305729
1414305887
1416306019
1418306179
1420306343
1422306511
1424306621
1426306757
1428306839
1430307007
1432307057
1434307151
1436307253
1438307329
1440307543
1442307707
1444307719
1446307813
1448307923
1450308049
1452308089
1454308291
1456308439
1458308543
1460308589
1462308599
1464308711
1466308913
1468308971
1470308993
1472309063
1474309247
1476309337
1478309527
1480309667
1482309847
1484310029
1486310219
1488310253
1490310373
1492310537
1494310627
1496310719
1498310881
1500311009
1502311043
1504311217
1506311327
1508311429
1510311613
1512311729
1514311811
1516311877
1518312071
1520312119
1522312189
1524312247
1526312287
1528312327
1530312499
1532312801
1534312891
1536312983
1538313199
1540313239
1542313433
1544313691
1546313861
1548314063
1550314141
1552314301
1554314527
1556314733
1558314841
1560314939
1562315023
1564315111
1566315139
1568315251
1570315339
1572315421
1574315573
1576315687
1578315829
1580316007
1582316173
1584316193
1586316209
1588316263
1590316307
1592316529
1594316597
1596316781
1598317001
1600317071
1602317191
1604317303
1606317497
1608317671
1610317861
1613624113
1615624159
1617624179
1619624249
1621624273
1623624281
1625624447
1627624619
1629624923
1631625097
1633625153
1635625249
1637625347
1639625441
1641625561
1643625811
1645625941
1647625951
1649626049
1651626059
1653626269
1655626417
1657626683
1659626869
1661627087
1663627211
1665627371
1667627453
1669627499
1671627533
1673627843
1675627861
1677627977
1679628059
1681628177
1683628333
1685628389
1687628651
1689628753
1691628923
1693629251
1695629357
1697629541
1699629733
1701629933
1703630069
1705630291
1707630347
1709630497
1711630643
1713630817
1715630863
1717630991
1719631091
1721631281
1723631383
1725631549
1727631707
1729631831
1731631873
1733632231
1735632251
1737632383
1739632579
1741632667
1743632797
1745632831
1747632841
1749632953
1751632979
1753633031
1755633169
1757633219
1759633277
1761633409
1763633477
1765633483
1767633643
1769633753
1771633883
1773634069
1775634349
1777634387
1779634541
1781634643
1783634663
1785634681
1787634853
1789634879
1791634919
1793634937
1795635113
1797635183
1799635361
1801635421
1803635447
1805635451
1807635673
1809635797
1811635961
1813636117
1815636197
1817636201
1819636249
1821636301
1823636363
1826261447
1828261597
1830261673
1832261801
1834261969
1836262111
1838262197
1840262323
1842262517
1844262529
1846262603
1848262777
1850262823
1852263041
1854263149
1856263153
1858263223
1860263297
1862263313
1864263449
1866263513
1868263729
1870263847
1872264019
1874264233
1876264409
1878264419
1880264443
1882264591
1884264691
1886264911
1888264979
1890265001
1892265149
1894265267
1896265363
1898265461
1900265501
1902265649
1904265973
1906266137
1908266203
1910266307
1912266427
1914266527
1916266621
1918266797
1920267031
1922267143
1924267159
1926267209
1928267309
1930267349
1932267553
1934267627
1936267747
1938267797
1940267837
1942267919
1944267977
1946268031
1948268057
1950268163
1952268181
1954268273
1956268471
1958268601
1960268777
1962268823
1964269033
1966269211
1968269357
1970269421
1972269463
1974269509
1976269697
1978269973
1980270121
1982270267
1984270369
1986270521
1988270597
1990270717
1992270719
1994271001
1996271083
1998271201
2000271271
2002271519
2004271553
2006271569
2008271651
2010271651
2012271739
2014271929
2016271993
2018272163
2020272227
2022272251
2024272307
2026272323
2028272513
2030272561
2032272733
2034272771
2036272859
2040074833
2042075039
2044075177
2046075263
2048075269
2050075327
2052075391
2054075549
2056075559
2058075623
2060075701
2062075751
2064075817
2066075887
2068075943
2070076117
2072076241
2074076419
2076076687
2078076773
2080076809
2082076933
2084077003
2086077041
2088077183
2090077247
2092077271
2094077431
2096077499
2098077533
2100077701
2102077723
2104077929
2106078097
2108078249
2110078261
2112078541
2114078609
2116078651
2118078761
2120078813
2122078879
2124078961
2126078989
2128078999
2130079181
2132079359
2134079359
2136079369
2138079487
2140079749
2142079903
2144079961
2146080049
2148080191
2150080241
2152080323
2154080503
2156080519
2158080577
2160080591
2162080729
2164080881
2166080897
2168080951
2170081021
2172081209
2174081443